"","samplingProtocol","Grouping","species","labelit","rank","abundance","proportion","plower","pupper","accumfreq","logabun","rankfreq"
"1","VES","Caracterizacion","Gonatodes albogularis",TRUE,1,48,29.3,NA,NA,29.3,1.7,5
"2","VES","Caracterizacion","Basiliscus galeritus",TRUE,2,35,21.3,NA,NA,50.6,1.5,10
"3","VES","Caracterizacion","Anolis tropidogaster",TRUE,3,28,17.1,NA,NA,67.7,1.4,15
"4","VES","Caracterizacion","Loxopholis rugiceps",FALSE,4,9,5.5,NA,NA,73.2,1,20
"5","VES","Caracterizacion","Leptodeira annulata",FALSE,5,9,5.5,NA,NA,78.7,1,25
"6","VES","Caracterizacion","Imantodes cenchoa",FALSE,6,7,4.3,NA,NA,82.9,0.8,30
"7","VES","Caracterizacion","Anolis auratus",FALSE,7,6,3.7,NA,NA,86.6,0.8,35
"8","VES","Caracterizacion","Hemidactylus frenatus",FALSE,8,4,2.4,NA,NA,89,0.6,40
"9","VES","Caracterizacion","Enuliophis sclateri",FALSE,9,3,1.8,NA,NA,90.9,0.5,45
"10","VES","Caracterizacion","Rhinoclemmys melanosterna",FALSE,10,2,1.2,NA,NA,92.1,0.3,50
"11","VES","Caracterizacion","Caiman crocodilus",FALSE,11,2,1.2,NA,NA,93.3,0.3,55
"12","VES","Caracterizacion","Cnemidophorus lemniscatus",FALSE,12,2,1.2,NA,NA,94.5,0.3,60
"13","VES","Caracterizacion","Thecadactylus rapicauda",FALSE,13,2,1.2,NA,NA,95.7,0.3,65
"14","VES","Caracterizacion","Sphaerodactylus lineolatus",FALSE,14,1,0.6,NA,NA,96.3,0,70
"15","VES","Caracterizacion","Holcosus festivus",FALSE,15,1,0.6,NA,NA,97,0,75
"16","VES","Caracterizacion","Atractus",FALSE,16,1,0.6,NA,NA,97.6,0,80
"17","VES","Caracterizacion","Lepidoblepharis xanthostigma",FALSE,17,1,0.6,NA,NA,98.2,0,85
"18","VES","Caracterizacion","Corallus ruschenbergerii",FALSE,18,1,0.6,NA,NA,98.8,0,90
"19","VES","Caracterizacion","Mastigodryas boddaerti",FALSE,19,1,0.6,NA,NA,99.4,0,95
"20","VES","Caracterizacion","Lygophis lineatus",FALSE,20,1,0.6,NA,NA,100,0,100
"21","VES","Kale","Basiliscus galeritus",TRUE,1,82,17.7,NA,NA,17.7,1.9,2.5
"22","VES","Kale","Loxopholis rugiceps",TRUE,2,72,15.5,NA,NA,33.2,1.9,5
"23","VES","Kale","Gonatodes albogularis",TRUE,3,63,13.6,NA,NA,46.8,1.8,7.5
"24","VES","Kale","Caiman crocodilus",FALSE,4,61,13.1,NA,NA,59.9,1.8,10
"25","VES","Kale","Anolis tropidogaster",FALSE,5,42,9.1,NA,NA,69,1.6,12.5
"26","VES","Kale","Anolis auratus",FALSE,6,22,4.7,NA,NA,73.7,1.3,15
"27","VES","Kale","Imantodes cenchoa",FALSE,7,18,3.9,NA,NA,77.6,1.3,17.5
"28","VES","Kale","Mabuya",FALSE,8,10,2.2,NA,NA,79.7,1,20
"29","VES","Kale","Corallus ruschenbergerii",FALSE,9,9,1.9,NA,NA,81.7,1,22.5
"30","VES","Kale","Leptodeira annulata",FALSE,10,8,1.7,NA,NA,83.4,0.9,25
"31","VES","Kale","Iguana iguana",FALSE,11,7,1.5,NA,NA,84.9,0.8,27.5
"32","VES","Kale","Helicops danieli",FALSE,12,6,1.3,NA,NA,86.2,0.8,30
"33","VES","Kale","Bothrops asper",FALSE,13,6,1.3,NA,NA,87.5,0.8,32.5
"34","VES","Kale","Leptophis ahaetulla",FALSE,14,5,1.1,NA,NA,88.6,0.7,35
"35","VES","Kale","Holcosus festivus",FALSE,15,5,1.1,NA,NA,89.7,0.7,37.5
"36","VES","Kale","Thamnodynastes gambotensis",FALSE,16,5,1.1,NA,NA,90.7,0.7,40
"37","VES","Kale","Cnemidophorus lemniscatus",FALSE,17,4,0.9,NA,NA,91.6,0.6,42.5
"38","VES","Kale","Alopoglossus festae",FALSE,18,4,0.9,NA,NA,92.5,0.6,45
"39","VES","Kale","Sphaerodactylus lineolatus",FALSE,19,3,0.6,NA,NA,93.1,0.5,47.5
"40","VES","Kale","Kinosternon scorpioides",FALSE,20,3,0.6,NA,NA,93.8,0.5,50
"41","VES","Kale","Pseudoboa neuwiedii",FALSE,21,2,0.4,NA,NA,94.2,0.3,52.5
"42","VES","Kale","Lepidoblepharis xanthostigma",FALSE,22,2,0.4,NA,NA,94.6,0.3,55
"43","VES","Kale","Thecadactylus rapicauda",FALSE,23,2,0.4,NA,NA,95,0.3,57.5
"44","VES","Kale","Enuliophis sclateri",FALSE,24,2,0.4,NA,NA,95.5,0.3,60
"45","VES","Kale","Anolis",FALSE,25,2,0.4,NA,NA,95.9,0.3,62.5
"46","VES","Kale","Trachemys callirostris",FALSE,26,2,0.4,NA,NA,96.3,0.3,65
"47","VES","Kale","Clelia clelia",FALSE,27,2,0.4,NA,NA,96.8,0.3,67.5
"48","VES","Kale","Chironius spixii",FALSE,28,2,0.4,NA,NA,97.2,0.3,70
"49","VES","Kale","Dendrophidion percarinatum",FALSE,29,2,0.4,NA,NA,97.6,0.3,72.5
"50","VES","Kale","Diploglossus monotropis",FALSE,30,1,0.2,NA,NA,97.8,0,75
"51","VES","Kale","Tantilla melanocephala",FALSE,31,1,0.2,NA,NA,98.1,0,77.5
"52","VES","Kale","Tupinambis cryptus",FALSE,32,1,0.2,NA,NA,98.3,0,80
"53","VES","Kale","Micrurus dumerilii",FALSE,33,1,0.2,NA,NA,98.5,0,82.5
"54","VES","Kale","Porthidium lansbergii",FALSE,34,1,0.2,NA,NA,98.7,0,85
"55","VES","Kale","Lepidoblepharis",FALSE,35,1,0.2,NA,NA,98.9,0,87.5
"56","VES","Kale","Liotyphlops albirostris",FALSE,36,1,0.2,NA,NA,99.1,0,90
"57","VES","Kale","Ameiva ameiva",FALSE,37,1,0.2,NA,NA,99.4,0,92.5
"58","VES","Kale","Rhinoclemmys melanosterna",FALSE,38,1,0.2,NA,NA,99.6,0,95
"59","VES","Kale","Oxybelis aeneus",FALSE,39,1,0.2,NA,NA,99.8,0,97.5
"60","VES","Kale","Oxyrhopus petolarius",FALSE,40,1,0.2,NA,NA,100,0,100
"61","VES","Platero","Basiliscus galeritus",TRUE,1,82,20.1,NA,NA,20.1,1.9,2.9
"62","VES","Platero","Anolis auratus",TRUE,2,60,14.7,NA,NA,34.9,1.8,5.9
"63","VES","Platero","Loxopholis rugiceps",TRUE,3,49,12,NA,NA,46.9,1.7,8.8
"64","VES","Platero","Anolis tropidogaster",FALSE,4,44,10.8,NA,NA,57.7,1.6,11.8
"65","VES","Platero","Caiman crocodilus",FALSE,5,40,9.8,NA,NA,67.6,1.6,14.7
"66","VES","Platero","Gonatodes albogularis",FALSE,6,27,6.6,NA,NA,74.2,1.4,17.6
"67","VES","Platero","Lepidoblepharis xanthostigma",FALSE,7,18,4.4,NA,NA,78.6,1.3,20.6
"68","VES","Platero","Leptodeira annulata",FALSE,8,8,2,NA,NA,80.6,0.9,23.5
"69","VES","Platero","Mabuya",FALSE,9,8,2,NA,NA,82.6,0.9,26.5
"70","VES","Platero","Imantodes cenchoa",FALSE,10,7,1.7,NA,NA,84.3,0.8,29.4
"71","VES","Platero","Kinosternon scorpioides",FALSE,11,7,1.7,NA,NA,86,0.8,32.4
"72","VES","Platero","Chironius spixii",FALSE,12,5,1.2,NA,NA,87.2,0.7,35.3
"73","VES","Platero","Diploglossus monotropis",FALSE,13,5,1.2,NA,NA,88.5,0.7,38.2
"74","VES","Platero","Cnemidophorus lemniscatus",FALSE,14,5,1.2,NA,NA,89.7,0.7,41.2
"75","VES","Platero","Leptophis ahaetulla",FALSE,15,4,1,NA,NA,90.7,0.6,44.1
"76","VES","Platero","Iguana iguana",FALSE,16,4,1,NA,NA,91.6,0.6,47.1
"77","VES","Platero","Rhinoclemmys melanosterna",FALSE,17,4,1,NA,NA,92.6,0.6,50
"78","VES","Platero","Tantilla melanocephala",FALSE,18,4,1,NA,NA,93.6,0.6,52.9
"79","VES","Platero","Corallus ruschenbergerii",FALSE,19,4,1,NA,NA,94.6,0.6,55.9
"80","VES","Platero","Pseudoboa neuwiedii",FALSE,20,3,0.7,NA,NA,95.3,0.5,58.8
"81","VES","Platero","Helicops danieli",FALSE,21,3,0.7,NA,NA,96.1,0.5,61.8
"82","VES","Platero","Sphaerodactylus lineolatus",FALSE,22,2,0.5,NA,NA,96.6,0.3,64.7
"83","VES","Platero","Ameiva bifrontata",FALSE,23,2,0.5,NA,NA,97.1,0.3,67.6
"84","VES","Platero","Thamnodynastes gambotensis",FALSE,24,2,0.5,NA,NA,97.5,0.3,70.6
"85","VES","Platero","Epicrates maurus",FALSE,25,1,0.2,NA,NA,97.8,0,73.5
"86","VES","Platero","Bothrops asper",FALSE,26,1,0.2,NA,NA,98,0,76.5
"87","VES","Platero","Holcosus festivus",FALSE,27,1,0.2,NA,NA,98.3,0,79.4
"88","VES","Platero","Erythrolamprus melanotus",FALSE,28,1,0.2,NA,NA,98.5,0,82.4
"89","VES","Platero","Dendrophidion percarinatum",FALSE,29,1,0.2,NA,NA,98.8,0,85.3
"90","VES","Platero","Micrurus dumerilii",FALSE,30,1,0.2,NA,NA,99,0,88.2
"91","VES","Platero","Mastigodryas boddaerti",FALSE,31,1,0.2,NA,NA,99.3,0,91.2
"92","VES","Platero","Porthidium lansbergii",FALSE,32,1,0.2,NA,NA,99.5,0,94.1
"93","VES","Platero","Lygophis lineatus",FALSE,33,1,0.2,NA,NA,99.8,0,97.1
"94","VES","Platero","Ameiva ameiva",FALSE,34,1,0.2,NA,NA,100,0,100
